{
  "advancedEditorSelectedIdentifier" : "ProjectBrowser",
  "openSceneRelativePaths" : [
    "Wall Empties.usdc",
    "poster.usdc",
    "Scene.usda",
    "Immersive.usda"
  ],
  "recentIdentifiers" : {
    "0849BA62-AB27-4888-A6FD-AEDF96F2BB48" : [

    ],
    "AF09ED6F-1707-48FD-8720-65B998362C09" : [

    ]
  },
  "sceneCameraHistory" : {
    "76CA7AAB-620B-459B-B989-5FA46AA77BC8" : [
      {
        "date" : 730132111.232761,
        "title" : "Untitled",
        "transform" : [
          1,
          0,
          -0,
          0,
          -0,
          0.8660253,
          -0.50000006,
          0,
          0,
          0.50000006,
          0.8660253,
          0,
          1.4901161e-08,
          0.07346402,
          0.14282712,
          1
        ]
      },
      {
        "date" : 730132106.658469,
        "title" : "Untitled",
        "transform" : [
          1,
          0,
          -0,
          0,
          -0,
          0.8660253,
          -0.50000006,
          0,
          0,
          0.50000006,
          0.8660253,
          0,
          0,
          0.23737219,
          0.41114074,
          1
        ]
      }
    ],
    "0849BA62-AB27-4888-A6FD-AEDF96F2BB48" : [
      {
        "date" : 730817819.772211,
        "title" : "Untitled",
        "transform" : [
          0.96299344,
          -2.2115917e-10,
          -0.26952466,
          0,
          -0.044267885,
          0.98641974,
          -0.15816621,
          0,
          0.2658644,
          0.16424431,
          0.94991577,
          0,
          0.14503638,
          0.08959984,
          0.5182053,
          1
        ]
      },
      {
        "date" : 730817811.927853,
        "title" : "Untitled",
        "transform" : [
          -0.27153054,
          -2.3877877e-09,
          -0.96242976,
          0,
          0.07476944,
          0.99697775,
          -0.021094732,
          0,
          0.9595212,
          -0.07768818,
          -0.2707099,
          0,
          0.52344525,
          -0.042381015,
          -0.14767972,
          1
        ]
      },
      {
        "date" : 730817809.010415,
        "title" : "Untitled",
        "transform" : [
          1,
          0,
          0,
          0,
          0,
          0.7071069,
          -0.70710677,
          0,
          0,
          0.70710677,
          0.7071069,
          0,
          0,
          0.38574627,
          0.3857463,
          1
        ]
      },
      {
        "date" : 730816635.392325,
        "title" : "Untitled",
        "transform" : [
          0.0313507,
          2.3519935e-09,
          -0.99950844,
          0,
          -0.5786099,
          0.81540245,
          -0.018148743,
          0,
          0.8150016,
          0.57889444,
          0.025563436,
          0,
          0.31190223,
          0.1293036,
          -0.0009041056,
          1
        ]
      },
      {
        "date" : 730816621.020599,
        "title" : "Untitled",
        "transform" : [
          0.0313507,
          2.3519935e-09,
          -0.99950844,
          0,
          -0.5786099,
          0.81540245,
          -0.018148743,
          0,
          0.8150016,
          0.57889444,
          0.025563436,
          0,
          0.24296476,
          0.22791561,
          -0.03618107,
          1
        ]
      },
      {
        "date" : 730816610.60966,
        "title" : "Untitled",
        "transform" : [
          0.0313507,
          2.3519935e-09,
          -0.99950844,
          0,
          -0.5786099,
          0.81540245,
          -0.018148743,
          0,
          0.8150016,
          0.57889444,
          0.025563436,
          0,
          0.26902097,
          0.18950891,
          0.0028455022,
          1
        ]
      },
      {
        "date" : 730816602.802867,
        "title" : "Untitled",
        "transform" : [
          0.99999994,
          0,
          0,
          0,
          0,
          0.86664134,
          -0.4989317,
          0,
          0,
          0.4989317,
          0.86664134,
          0,
          0.0055884933,
          0.16313234,
          0.28574657,
          1
        ]
      },
      {
        "date" : 730130743.504731,
        "title" : "Untitled",
        "transform" : [
          0.99999994,
          0,
          0,
          0,
          0,
          0.86664134,
          -0.4989317,
          0,
          0,
          0.4989317,
          0.86664134,
          0,
          0.010954568,
          0.3197721,
          0.56012064,
          1
        ]
      },
      {
        "date" : 730130741.802319,
        "title" : "Untitled",
        "transform" : [
          0.99999994,
          0,
          -0,
          0,
          -0,
          0.86664134,
          -0.4989317,
          0,
          0,
          0.4989317,
          0.86664134,
          0,
          0,
          0.32248428,
          0.55855924,
          1
        ]
      }
    ],
    "AF09ED6F-1707-48FD-8720-65B998362C09" : [
      {
        "date" : 730990700.909744,
        "title" : "Untitled",
        "transform" : [
          0.9928147,
          1.5645437e-08,
          0.11966207,
          0,
          0.021073291,
          0.98437107,
          -0.17484154,
          0,
          -0.11779189,
          0.17610689,
          0.977298,
          0,
          -0.664833,
          0.72743416,
          1.2082102,
          1
        ]
      },
      {
        "date" : 730816549.896378,
        "title" : "Untitled",
        "transform" : [
          0.8892822,
          1.7207118e-08,
          0.45735893,
          0,
          0.15806265,
          0.9383824,
          -0.30733484,
          0,
          -0.42917755,
          0.34559876,
          0.8344867,
          0,
          -1.1465111,
          1.0268239,
          0.7330006,
          1
        ]
      },
      {
        "date" : 730223556.830512,
        "title" : "Untitled",
        "transform" : [
          0.8892822,
          1.7207118e-08,
          0.45735893,
          0,
          0.15806265,
          0.9383824,
          -0.30733484,
          0,
          -0.42917755,
          0.34559876,
          0.8344867,
          0,
          -2.0436482,
          1.8303065,
          1.3065685,
          1
        ]
      },
      {
        "date" : 730221572.885509,
        "title" : "Untitled",
        "transform" : [
          0.8892822,
          9.756537e-09,
          0.45735893,
          0,
          0.15806267,
          0.9383824,
          -0.30733484,
          0,
          -0.42917755,
          0.34559876,
          0.8344867,
          0,
          -0.2047068,
          0.13324636,
          -0.20448482,
          1
        ]
      },
      {
        "date" : 730221361.027413,
        "title" : "Untitled",
        "transform" : [
          0.8892822,
          9.756537e-09,
          0.45735893,
          0,
          0.15806267,
          0.9383824,
          -0.30733484,
          0,
          -0.42917755,
          0.34559876,
          0.8344867,
          0,
          -0.20829356,
          0.13627216,
          -0.20758264,
          1
        ]
      },
      {
        "date" : 730221096.758529,
        "title" : "Untitled",
        "transform" : [
          0.8892822,
          -1.7293666e-09,
          0.4573589,
          0,
          0.15806267,
          0.9383823,
          -0.3073348,
          0,
          -0.42917755,
          0.3455988,
          0.8344868,
          0,
          -0.14772294,
          0.013995625,
          -0.32694876,
          1
        ]
      },
      {
        "date" : 730220951.852323,
        "title" : "Untitled",
        "transform" : [
          0.8892822,
          -1.7293666e-09,
          0.4573589,
          0,
          0.15806267,
          0.9383823,
          -0.3073348,
          0,
          -0.42917755,
          0.3455988,
          0.8344868,
          0,
          -0.107759155,
          -0.019968018,
          -0.4220308,
          1
        ]
      },
      {
        "date" : 730220946.347725,
        "title" : "Untitled",
        "transform" : [
          0.97717166,
          -2.0509627e-09,
          0.21245125,
          0,
          0.05946493,
          0.9600295,
          -0.27350956,
          0,
          -0.20395945,
          0.27989918,
          0.9381136,
          0,
          0.0059759766,
          -0.053146303,
          -0.36969927,
          1
        ]
      },
      {
        "date" : 730220943.448564,
        "title" : "Untitled",
        "transform" : [
          0.9815565,
          -2.0521458e-09,
          0.19117244,
          0,
          0.05021205,
          0.96489036,
          -0.25780895,
          0,
          -0.18446045,
          0.2626532,
          0.9470943,
          0,
          0.015822977,
          -0.061855517,
          -0.36516398,
          1
        ]
      },
      {
        "date" : 730220937.259309,
        "title" : "Untitled",
        "transform" : [
          0.98207873,
          -2.1579696e-09,
          0.1884713,
          0,
          0.036247864,
          0.9813312,
          -0.18887886,
          0,
          -0.18495277,
          0.1923256,
          0.96374446,
          0,
          0.035374545,
          -0.12556446,
          -0.45841786,
          1
        ]
      }
    ],
    "BDFDB17E-7568-483D-A9AA-92FD0E5E875B" : [
      {
        "date" : 730130677.438654,
        "title" : "Untitled",
        "transform" : [
          0.99999994,
          0,
          0,
          0,
          0,
          0.8660254,
          -0.49999988,
          0,
          0,
          0.49999988,
          0.8660254,
          0,
          0.54843247,
          51.04127,
          86.75108,
          1
        ]
      },
      {
        "date" : 730130106.52834,
        "title" : "Untitled",
        "transform" : [
          0.99999994,
          0,
          -0,
          0,
          -0,
          0.8660254,
          -0.49999988,
          0,
          0,
          0.49999988,
          0.8660254,
          0,
          0.50087935,
          0.82142556,
          -0.17029566,
          1
        ]
      },
      {
        "date" : 730118455.358263,
        "title" : "Untitled",
        "transform" : [
          0.99999994,
          0,
          -0,
          0,
          -0,
          0.8660254,
          -0.49999988,
          0,
          0,
          0.49999988,
          0.8660254,
          0,
          0.50087667,
          0.8214302,
          -0.80028534,
          1
        ]
      },
      {
        "date" : 730118442.749872,
        "title" : "Untitled",
        "transform" : [
          0.99999994,
          0,
          0,
          0,
          0,
          0.8660254,
          -0.49999988,
          0,
          0,
          0.49999988,
          0.8660254,
          0,
          -2.0125318,
          49.00951,
          86.972404,
          1
        ]
      },
      {
        "date" : 730118438.273905,
        "title" : "Untitled",
        "transform" : [
          0.99999994,
          0,
          -0,
          0,
          -0,
          0.8660254,
          -0.49999988,
          0,
          0,
          0.49999988,
          0.8660254,
          0,
          -2.0125372,
          -0.8206749,
          0.4597044,
          1
        ]
      },
      {
        "date" : 730118422.602958,
        "title" : "Untitled",
        "transform" : [
          0.99999994,
          0,
          -0,
          0,
          -0,
          0.8660254,
          -0.49999988,
          0,
          0,
          0.49999988,
          0.8660254,
          0,
          0.16849089,
          0.8768909,
          1.0897044,
          1
        ]
      },
      {
        "date" : 730118412.924441,
        "title" : "Untitled",
        "transform" : [
          0.99999994,
          0,
          -0,
          0,
          -0,
          0.8660254,
          -0.49999988,
          0,
          0,
          0.49999988,
          0.8660254,
          0,
          -1.1159749,
          0.5516186,
          1.0897043,
          1
        ]
      },
      {
        "date" : 730118409.911817,
        "title" : "Untitled",
        "transform" : [
          0.99999994,
          0,
          -0,
          0,
          -0,
          0.8660254,
          -0.49999988,
          0,
          0,
          0.49999988,
          0.8660254,
          0,
          -0.1684928,
          0.87689084,
          -0.8002956,
          1
        ]
      },
      {
        "date" : 730118407.485638,
        "title" : "Untitled",
        "transform" : [
          0.99999994,
          0,
          -0,
          0,
          -0,
          0.8660254,
          -0.49999988,
          0,
          0,
          0.49999988,
          0.8660254,
          0,
          0.16849136,
          0.8768909,
          -0.8002957,
          1
        ]
      },
      {
        "date" : 730118405.009561,
        "title" : "Untitled",
        "transform" : [
          0.99999994,
          0,
          -0,
          0,
          -0,
          0.8660254,
          -0.49999988,
          0,
          0,
          0.49999988,
          0.8660254,
          0,
          -1.1159751,
          0.5516188,
          -0.8002957,
          1
        ]
      }
    ],
    "D66134B1-3681-4A8E-AFE5-29F257229F3B" : [
      {
        "date" : 730130773.843089,
        "title" : "Untitled",
        "transform" : [
          0.99999994,
          0,
          -0,
          0,
          -0,
          0.8660254,
          -0.49999988,
          0,
          0,
          0.49999988,
          0.8660254,
          0,
          0,
          0.24053697,
          0.41682228,
          1
        ]
      }
    ]
  },
  "selectedSceneRelativePath" : "Immersive.usda"
}